10101010111110001110011111101001000001001010000100010100011111010111100001001000101110011111101100101000111000010111111001100011
10100101101110100111110111100000010010110000001001011100101010001110100011010101011111011111100100111000001111001110011011011100
10100101101110100111110111100000010010110000001001011100101010001110100011010101011111011111100100111000001111001110011011011100
10100101101110100111110111100000010010110000001001011100101010001110100011010101011111011111100100111000001111001110011011011100
10100101101110100111110111100000010010110000001001011100101010001110100011010101011111011111100100111000001111001110011011011100
10100101101110100111110111100000010010110000001001011100101010001110100011010101011111011111100100111000001111001110011011011100
10100101101110100111110111100000010010110000001001011100101010001110100011010101011111011111100100111000001111001110011011011100
10100101101110100111110111100000010010110000001001011100101010001110100011010101011111011111100100111000001111001110011011011100
10100101101110100111110111100000010010110000001001011100101010001110100011010101011111011111100100111000001111001110011011011100
10100101101110100111110111100000010010110000001001011100101010001110100011010101011111011111100100111000001111001110011011011100
10100101101110100111110111100000010010110000001001011100101010001110100011010101011111011111100100111000001111001110011011011100
10100101101110100111110111100000010010110000001001011100101010001110100011010101011111011111100100111000001111001110011011011100
10100101101110100111110111100000010010110000001001011100101010001110100011010101011111011111100100111000001111001110011011011100
10100101101110100111110111100000010010110000001001011100101010001110100011010101011111011111100100111000001111001110011011011100
10100101101110100111110111100000010010110000001001011100101010001110100011010101011111011111100100111000001111001110011011011100
00000001101110100111110111100000010010111111111001011100101010001110111111010101011111011111100100111000000000001110011011011100
